0 0.410938 0.597396 0.167187 0.144792
0 0.624219 0.455729 0.032813 0.036458
0 0.417187 0.821354 0.048438 0.061458
0 0.281250 0.788021 0.046875 0.051042
0 0.331250 0.752604 0.032813 0.021875
0 0.316016 0.485938 0.027344 0.026042
0 0.268359 0.485938 0.021094 0.030208
0 0.836328 0.323958 0.036719 0.031250
0 0.814453 0.413021 0.038281 0.036458
0 0.894922 0.425000 0.055469 0.062500
0 0.108984 0.489063 0.082031 0.080208
0 0.017578 0.525521 0.033594 0.105208
0 0.186719 0.389062 0.042188 0.026042
0 0.095703 0.314583 0.041406 0.039583
0 0.064844 0.367708 0.029687 0.025000
0 0.065234 0.410417 0.024219 0.022917
0 0.611328 0.063542 0.035156 0.025000
0 0.030469 0.853125 0.034375 0.035417
0 0.043359 0.670833 0.035156 0.035417
0 0.155469 0.681771 0.057813 0.063542
0 0.555078 0.709896 0.042969 0.042708
0 0.670312 0.716146 0.045312 0.063542
0 0.210156 0.581771 0.090625 0.051042
0 0.108203 0.266146 0.038281 0.028125
0 0.403906 0.078125 0.034375 0.033333
0 0.764062 0.671875 0.048438 0.064583
0 0.620313 0.613021 0.046875 0.044792
