0 0.146635 0.495072 0.177885 0.140625
0 0.461538 0.565385 0.192308 0.117788
0 0.726763 0.562981 0.168269 0.146635
0 0.522436 0.775721 0.118590 0.112981
0 0.687500 0.935337 0.285256 0.129327
0 0.507212 0.303966 0.293269 0.126202
0 0.200321 0.301563 0.035256 0.018029
0 0.366186 0.413942 0.043269 0.033654
0 0.334936 0.439183 0.051282 0.028846
0 0.400641 0.449399 0.044872 0.025240
0 0.338942 0.484856 0.040064 0.024038
0 0.265224 0.291346 0.056090 0.024038
0 0.306090 0.268510 0.076923 0.028846
0 0.265224 0.073197 0.052885 0.027644
0 0.177083 0.016707 0.062500 0.032452
0 0.360577 0.021514 0.073718 0.030048
0 0.693109 0.787740 0.062500 0.040865
