0 0.407212 0.541667 0.302885 0.335897
0 0.666827 0.559615 0.143269 0.156410
0 0.395673 0.825000 0.074038 0.069231
0 0.350481 0.892949 0.066346 0.071795
0 0.439423 0.916026 0.061538 0.064103
0 0.407212 0.975641 0.025962 0.026923
0 0.438462 0.986538 0.030769 0.023077
0 0.160096 0.534615 0.050962 0.047436
0 0.282692 0.441667 0.048077 0.056410
0 0.232692 0.526282 0.036538 0.033333
0 0.256731 0.489744 0.048077 0.037179
0 0.332692 0.438462 0.030769 0.034615
0 0.297596 0.347436 0.027885 0.026923
0 0.341827 0.228205 0.027885 0.026923
